7403
3036
45839
57552
52115
55737
60194
74425
75084
174890
165502
177316
169895
163607
185123
184907
194359
199282
201036
206618
221631
198798
216968
220366
223797
229693
222403
231402
233037
221314
237381
234846
236123
239711
247894
250163
257109
242200
251771
245695
244992
249688
251414
250612
247294
259124
251809
263856
262477
243700
262186
43752
106906
112302
66519
59159
64234
63115
168803
168976
167426
171329
138964
147410
133236
162277
170396
173729
176776
182235
191527
199944
199300
300246
311578
308659
316905
329779
333498
334301
349001
348326
349903
333968
360831
362241
367918
373748
370291
379313
379555
379060
384004
385281
367754
369388
373761
380197
380812
380822
389080
390600
21255
30378
52235
44683
62920
76443
88409
90226
102343
104916
113748
144469
154266
147037
158417
159954
158582
170187
171968
172188
183953
179315
180959
210849
212575
217873
221285
222737
229117
223604
239583
225661
238624
195499
240821
247492
205562
251893
251915
255146
246009
211729
257181
259290
245509
258815
262019
261708
265403
265461
267932
36215
51421
63720
72801
75422
102937
104502
101747
145545
147478
157051
188226
192082
176596
187036
209127
206227
212117
220481
233288
242655
243122
223619
244875
240432
222958
259740
260666
241468
254827
244441
245190
266420
254894
270611
251185
272736
252660
252844
279660
255265
279653
259754
262271
285751
268873
270211
270770
271033
292098
281699
33200
139020
92869
99053
77534
79137
85588
134583
88672
93268
113008
160565
163209
175116
154971
151875
166778
164147
96774
181464
147702
148732
152711
158860
191028
68591
156563
170089
212575
171617
213751
214853
223467
240361
204259
221670
136803
187742
251826
235644
239776
163440
244800
243259
264479
242614
245393
165940
245541
247882
248009
20940
43666
50723
81112
99127
102884
117588
145612
136191
200071
208266
207338
217004
238509
227196
224962
226638
221809
229409
233044
216533
220710
229672
230120
245632
241679
240513
207508
245363
242986
206585
243346
256395
262377
256490
246380
223751
221171
224666
248709
270446
226167
230419
254335
228754
248274
261560
231743
230562
232443
231747
13252
13699
30312
62332
63458
63962
73841
87657
73780
61150
138099
151523
153898
153235
155949
156653
157621
160087
140639
161424
162108
163682
173905
198150
204261
213285
214035
212171
230838
224285
234007
250488
242111
251826
256242
246404
248909
223790
236594
254374
255945
223345
253249
264814
267679
256948
257717
250787
89822
264688
264904
34596
80188
83687
86394
87504
91592
115521
119511
130716
137327
144956
153781
164753
163108
177329
173674
188953
193599
203877
214025
217972
215735
236345
234711
229491
246405
263464
246098
264287
268004
267873
271738
273943
259177
264400
200095
274567
267969
273138
275363
282427
188410
271486
275372
282177
285010
289758
208870
284942
285197
203248
72140
168951
172014
176201
176383
179346
176566
178204
179099
183193
180230
183795
186441
188184
194037
194672
195706
200497
204247
206767
209594
212296
212627
213870
216558
216322
217620
222873
227834
224109
228475
229308
230175
231083
231824
233189
236067
237737
238413
240711
243432
245413
265852
267473
61454
274406
278803
276021
277401
275430
72779
