210806
221917
226438
228227
239087
231970
265534
252224
252925
254770
258011
259906
269854
260452
260308
268089
270640
229850
263328
264471
266767
267976
251625
273496
273750
268715
274098
261491
258812
277038
261976
275204
268825
278122
273575
268300
276112
276017
277130
279615
280503
278585
279948
280271
270472
277834
275984
283077
285207
289748
291924
224244
261827
257495
259116
262973
230829
265733
243268
246427
240297
250636
251472
280696
282908
287375
263403
288015
265619
288893
289072
228033
266761
267191
267253
268139
268360
269417
238675
271183
272053
273538
272727
274473
275111
274522
276122
278177
278847
276936
284671
284780
287143
248085
253191
255521
288571
252105
289990
292949
296289
293456
36006
17163
110215
204915
206137
204944
208076
209580
210341
213120
215738
217396
218443
218869
218360
222836
223400
222880
228337
228765
229220
230044
230138
230402
231855
230223
232305
232773
233950
232136
235621
228084
240585
238378
241435
241442
241661
243172
243458
243446
243546
241225
244280
244772
245532
247154
249744
257088
260530
252756
263293
241660
249123
252299
259351
262479
263960
266456
268362
236799
269316
267908
308354
306931
269944
270664
270309
309858
277494
306581
279122
279300
281541
286848
310739
286794
286694
286865
278899
291517
294659
293049
293451
295738
295208
297364
297097
299830
299336
301115
302132
301568
302718
304009
306401
307838
269955
279089
312290
315340
315042
316229
6731
8652
30745
52848
73153
84348
51405
79392
93880
61501
74361
93338
48526
54513
124715
145535
149061
151392
152955
204868
205734
211597
213646
222851
223891
224674
225166
225417
226455
228001
229447
230543
232666
236295
240037
240593
243005
248409
250216
252238
252649
253916
253905
254794
255364
255519
256033
256408
256537
257092
257226
